author: Kristen Lackeos
challenge: LDC1
dataset: LDC1-3-VGB
date: 2019/05/06
e-mail: kristen.lackeos@nasa.gov
estimates:
- Amplitude: 1.923414159638584e-22
  Cadence: 15
  EclipticLatitude: 0.0855737984650673
  EclipticLongitude: 4.103572695513197
  Frequency: 0.0018132397058751482
  FrequencyDerivative: 1.4712794150838057e-17
  Inclination: 0.5735852270931023
  InitialPhase: 2.545167689865627
  ObservationDuration: 62914560.0
  Polarization: 1.3065179231610848
